Id,Credit Default
7500,1
7501,1
7502,0
7503,0
7504,0
7505,0
7506,0
7507,1
7508,1
7509,0
7510,1
7511,1
7512,0
7513,1
7514,1
7515,1
7516,0
7517,0
7518,0
7519,1
7520,1
7521,0
7522,0
7523,0
7524,0
7525,1
7526,1
7527,1
7528,1
7529,1
7530,1
7531,0
7532,0
7533,0
7534,0
7535,0
7536,1
7537,0
7538,1
7539,0
7540,1
7541,0
7542,1
7543,0
7544,1
7545,0
7546,1
7547,1
7548,1
7549,1
7550,0
7551,0
7552,0
7553,1
7554,1
7555,1
7556,1
7557,0
7558,1
7559,0
7560,1
7561,0
7562,0
7563,0
7564,1
7565,0
7566,0
7567,0
7568,0
7569,0
7570,0
7571,0
7572,0
7573,0
7574,1
7575,0
7576,1
7577,1
7578,1
7579,0
7580,1
7581,1
7582,0
7583,1
7584,0
7585,1
7586,0
7587,0
7588,0
7589,0
7590,0
7591,0
7592,0
7593,1
7594,1
7595,0
7596,0
7597,0
7598,0
7599,0
7600,1
7601,0
7602,0
7603,0
7604,0
7605,0
7606,1
7607,1
7608,1
7609,1
7610,1
7611,1
7612,1
7613,0
7614,0
7615,1
7616,1
7617,0
7618,0
7619,1
7620,1
7621,1
7622,0
7623,0
7624,1
7625,0
7626,1
7627,0
7628,1
7629,1
7630,0
7631,1
7632,1
7633,0
7634,1
7635,0
7636,0
7637,1
7638,0
7639,1
7640,1
7641,1
7642,0
7643,0
7644,1
7645,0
7646,1
7647,0
7648,1
7649,1
7650,1
7651,0
7652,1
7653,1
7654,1
7655,1
7656,0
7657,1
7658,0
7659,0
7660,0
7661,0
7662,0
7663,0
7664,0
7665,0
7666,1
7667,0
7668,0
7669,1
7670,1
7671,0
7672,1
7673,1
7674,0
7675,0
7676,0
7677,1
7678,0
7679,0
7680,1
7681,0
7682,1
7683,0
7684,1
7685,0
7686,0
7687,0
7688,0
7689,0
7690,1
7691,0
7692,1
7693,1
7694,1
7695,0
7696,0
7697,1
7698,0
7699,0
7700,1
7701,0
7702,1
7703,1
7704,1
7705,1
7706,1
7707,1
7708,1
7709,1
7710,1
7711,0
7712,0
7713,0
7714,0
7715,1
7716,1
7717,0
7718,0
7719,1
7720,0
7721,1
7722,0
7723,0
7724,1
7725,0
7726,1
7727,0
7728,0
7729,0
7730,1
7731,0
7732,0
7733,0
7734,1
7735,0
7736,0
7737,1
7738,0
7739,0
7740,0
7741,0
7742,1
7743,1
7744,0
7745,0
7746,0
7747,1
7748,1
7749,0
7750,0
7751,1
7752,0
7753,0
7754,1
7755,1
7756,0
7757,0
7758,1
7759,0
7760,0
7761,1
7762,0
7763,1
7764,1
7765,1
7766,0
7767,1
7768,0
7769,0
7770,0
7771,0
7772,0
7773,1
7774,0
7775,0
7776,1
7777,0
7778,0
7779,0
7780,1
7781,0
7782,1
7783,1
7784,0
7785,0
7786,0
7787,0
7788,0
7789,0
7790,0
7791,0
7792,1
7793,0
7794,0
7795,0
7796,1
7797,1
7798,0
7799,1
7800,1
7801,0
7802,0
7803,0
7804,0
7805,1
7806,0
7807,1
7808,0
7809,0
7810,0
7811,1
7812,0
7813,1
7814,1
7815,1
7816,0
7817,1
7818,1
7819,1
7820,0
7821,1
7822,1
7823,0
7824,0
7825,0
7826,0
7827,1
7828,1
7829,1
7830,1
7831,0
7832,0
7833,0
7834,0
7835,1
7836,0
7837,1
7838,1
7839,0
7840,1
7841,0
7842,0
7843,0
7844,1
7845,1
7846,0
7847,1
7848,1
7849,0
7850,1
7851,1
7852,1
7853,0
7854,0
7855,0
7856,0
7857,1
7858,1
7859,1
7860,1
7861,0
7862,1
7863,1
7864,0
7865,1
7866,1
7867,1
7868,0
7869,0
7870,0
7871,1
7872,1
7873,0
7874,0
7875,0
7876,0
7877,0
7878,0
7879,1
7880,1
7881,0
7882,0
7883,0
7884,0
7885,0
7886,1
7887,1
7888,0
7889,1
7890,0
7891,0
7892,0
7893,1
7894,0
7895,0
7896,0
7897,1
7898,1
7899,0
7900,0
7901,1
7902,0
7903,0
7904,1
7905,0
7906,0
7907,0
7908,0
7909,1
7910,0
7911,0
7912,1
7913,1
7914,0
7915,0
7916,0
7917,0
7918,1
7919,0
7920,0
7921,0
7922,0
7923,1
7924,0
7925,0
7926,0
7927,1
7928,0
7929,1
7930,1
7931,1
7932,0
7933,0
7934,0
7935,1
7936,1
7937,1
7938,1
7939,1
7940,0
7941,1
7942,0
7943,0
7944,1
7945,0
7946,1
7947,0
7948,1
7949,1
7950,0
7951,0
7952,1
7953,1
7954,1
7955,0
7956,0
7957,0
7958,1
7959,0
7960,1
7961,1
7962,1
7963,1
7964,0
7965,0
7966,0
7967,0
7968,1
7969,1
7970,0
7971,0
7972,1
7973,1
7974,1
7975,1
7976,0
7977,1
7978,1
7979,1
7980,1
7981,1
7982,1
7983,1
7984,0
7985,1
7986,1
7987,1
7988,0
7989,0
7990,0
7991,1
7992,1
7993,1
7994,1
7995,1
7996,0
7997,1
7998,1
7999,0
8000,1
8001,0
8002,1
8003,1
8004,0
8005,0
8006,1
8007,1
8008,1
8009,1
8010,1
8011,1
8012,1
8013,1
8014,1
8015,1
8016,1
8017,1
8018,1
8019,1
8020,0
8021,1
8022,1
8023,0
8024,0
8025,1
8026,0
8027,0
8028,1
8029,1
8030,0
8031,1
8032,1
8033,0
8034,0
8035,1
8036,1
8037,1
8038,0
8039,0
8040,0
8041,1
8042,0
8043,0
8044,1
8045,0
8046,1
8047,1
8048,0
8049,1
8050,0
8051,0
8052,1
8053,0
8054,1
8055,0
8056,0
8057,1
8058,0
8059,1
8060,1
8061,0
8062,1
8063,1
8064,0
8065,1
8066,0
8067,0
8068,0
8069,1
8070,1
8071,1
8072,1
8073,1
8074,1
8075,1
8076,1
8077,0
8078,0
8079,0
8080,1
8081,0
8082,0
8083,1
8084,0
8085,0
8086,1
8087,0
8088,0
8089,1
8090,0
8091,1
8092,1
8093,0
8094,1
8095,1
8096,0
8097,0
8098,0
8099,0
8100,1
8101,0
8102,0
8103,1
8104,0
8105,1
8106,0
8107,1
8108,0
8109,1
8110,0
8111,0
8112,1
8113,0
8114,0
8115,0
8116,1
8117,1
8118,1
8119,0
8120,0
8121,0
8122,0
8123,1
8124,0
8125,0
8126,0
8127,1
8128,1
8129,0
8130,0
8131,0
8132,1
8133,1
8134,1
8135,0
8136,1
8137,0
8138,1
8139,0
8140,0
8141,0
8142,1
8143,0
8144,1
8145,1
8146,0
8147,0
8148,0
8149,1
8150,1
8151,0
8152,1
8153,1
8154,0
8155,0
8156,0
8157,1
8158,1
8159,1
8160,0
8161,0
8162,0
8163,0
8164,0
8165,1
8166,1
8167,0
8168,0
8169,1
8170,1
8171,0
8172,1
8173,0
8174,1
8175,0
8176,0
8177,0
8178,0
8179,0
8180,1
8181,1
8182,0
8183,0
8184,1
8185,0
8186,0
8187,0
8188,1
8189,0
8190,1
8191,0
8192,1
8193,1
8194,0
8195,0
8196,1
8197,0
8198,0
8199,1
8200,1
8201,1
8202,0
8203,1
8204,1
8205,1
8206,0
8207,1
8208,0
8209,0
8210,0
8211,0
8212,0
8213,1
8214,1
8215,0
8216,1
8217,0
8218,0
8219,1
8220,1
8221,0
8222,0
8223,1
8224,0
8225,0
8226,1
8227,1
8228,0
8229,0
8230,1
8231,1
8232,0
8233,0
8234,1
8235,0
8236,1
8237,0
8238,0
8239,1
8240,0
8241,0
8242,0
8243,0
8244,1
8245,0
8246,1
8247,0
8248,1
8249,1
8250,1
8251,0
8252,0
8253,1
8254,0
8255,0
8256,0
8257,0
8258,1
8259,1
8260,0
8261,0
8262,1
8263,0
8264,1
8265,1
8266,0
8267,1
8268,0
8269,0
8270,0
8271,0
8272,1
8273,0
8274,0
8275,0
8276,1
8277,0
8278,0
8279,1
8280,0
8281,1
8282,0
8283,1
8284,0
8285,1
8286,1
8287,1
8288,0
8289,0
8290,0
8291,0
8292,1
8293,0
8294,0
8295,0
8296,0
8297,0
8298,1
8299,0
8300,1
8301,0
8302,0
8303,1
8304,0
8305,1
8306,1
8307,0
8308,0
8309,1
8310,0
8311,0
8312,0
8313,1
8314,1
8315,1
8316,0
8317,0
8318,0
8319,0
8320,1
8321,0
8322,1
8323,0
8324,1
8325,0
8326,0
8327,0
8328,0
8329,0
8330,0
8331,0
8332,1
8333,0
8334,0
8335,0
8336,0
8337,0
8338,1
8339,1
8340,0
8341,1
8342,0
8343,1
8344,0
8345,1
8346,0
8347,1
8348,0
8349,1
8350,1
8351,1
8352,0
8353,0
8354,0
8355,1
8356,1
8357,0
8358,0
8359,1
8360,0
8361,0
8362,0
8363,0
8364,0
8365,0
8366,0
8367,0
8368,1
8369,1
8370,1
8371,1
8372,0
8373,0
8374,0
8375,1
8376,0
8377,0
8378,1
8379,0
8380,0
8381,1
8382,1
8383,0
8384,0
8385,1
8386,0
8387,0
8388,0
8389,1
8390,1
8391,0
8392,1
8393,0
8394,0
8395,0
8396,1
8397,0
8398,0
8399,0
8400,0
8401,1
8402,0
8403,0
8404,0
8405,0
8406,1
8407,0
8408,0
8409,0
8410,0
8411,0
8412,0
8413,1
8414,0
8415,0
8416,0
8417,1
8418,0
8419,1
8420,0
8421,1
8422,0
8423,1
8424,0
8425,1
8426,1
8427,1
8428,1
8429,1
8430,1
8431,1
8432,0
8433,1
8434,0
8435,1
8436,1
8437,0
8438,1
8439,1
8440,1
8441,1
8442,1
8443,0
8444,0
8445,1
8446,0
8447,1
8448,1
8449,0
8450,0
8451,1
8452,0
8453,1
8454,0
8455,1
8456,0
8457,0
8458,0
8459,0
8460,0
8461,1
8462,1
8463,1
8464,1
8465,1
8466,0
8467,0
8468,1
8469,0
8470,1
8471,0
8472,0
8473,1
8474,1
8475,0
8476,0
8477,1
8478,1
8479,1
8480,0
8481,0
8482,0
8483,1
8484,0
8485,1
8486,0
8487,0
8488,1
8489,0
8490,1
8491,0
8492,0
8493,0
8494,0
8495,1
8496,0
8497,1
8498,1
8499,1
8500,0
8501,0
8502,1
8503,0
8504,0
8505,0
8506,0
8507,0
8508,0
8509,0
8510,0
8511,1
8512,1
8513,0
8514,0
8515,1
8516,1
8517,1
8518,0
8519,0
8520,0
8521,1
8522,1
8523,0
8524,0
8525,0
8526,1
8527,1
8528,1
8529,0
8530,0
8531,1
8532,1
8533,0
8534,1
8535,0
8536,1
8537,1
8538,1
8539,1
8540,1
8541,0
8542,0
8543,1
8544,0
8545,0
8546,0
8547,0
8548,0
8549,0
8550,0
8551,1
8552,1
8553,1
8554,1
8555,0
8556,1
8557,0
8558,1
8559,1
8560,0
8561,0
8562,0
8563,1
8564,1
8565,1
8566,0
8567,1
8568,1
8569,0
8570,1
8571,0
8572,0
8573,1
8574,1
8575,1
8576,1
8577,1
8578,0
8579,1
8580,0
8581,1
8582,0
8583,0
8584,0
8585,1
8586,0
8587,0
8588,0
8589,1
8590,1
8591,0
8592,1
8593,0
8594,1
8595,1
8596,0
8597,0
8598,0
8599,0
8600,1
8601,1
8602,0
8603,0
8604,0
8605,1
8606,1
8607,0
8608,1
8609,0
8610,0
8611,0
8612,0
8613,1
8614,1
8615,0
8616,0
8617,1
8618,0
8619,1
8620,1
8621,0
8622,1
8623,1
8624,1
8625,0
8626,1
8627,1
8628,1
8629,0
8630,1
8631,0
8632,0
8633,0
8634,1
8635,0
8636,1
8637,1
8638,1
8639,0
8640,1
8641,0
8642,0
8643,0
8644,1
8645,0
8646,0
8647,0
8648,0
8649,0
8650,0
8651,0
8652,0
8653,1
8654,1
8655,1
8656,1
8657,1
8658,1
8659,1
8660,0
8661,0
8662,0
8663,1
8664,0
8665,0
8666,0
8667,0
8668,0
8669,0
8670,1
8671,1
8672,1
8673,1
8674,0
8675,0
8676,1
8677,1
8678,0
8679,0
8680,0
8681,0
8682,1
8683,0
8684,1
8685,1
8686,1
8687,0
8688,1
8689,1
8690,0
8691,0
8692,1
8693,0
8694,1
8695,1
8696,1
8697,1
8698,0
8699,1
8700,1
8701,1
8702,1
8703,0
8704,0
8705,1
8706,1
8707,1
8708,1
8709,1
8710,0
8711,1
8712,1
8713,0
8714,1
8715,1
8716,1
8717,0
8718,0
8719,0
8720,0
8721,1
8722,0
8723,0
8724,1
8725,1
8726,0
8727,1
8728,0
8729,0
8730,0
8731,1
8732,0
8733,1
8734,0
8735,0
8736,1
8737,0
8738,1
8739,1
8740,0
8741,0
8742,0
8743,0
8744,1
8745,1
8746,1
8747,1
8748,0
8749,0
8750,1
8751,0
8752,1
8753,0
8754,1
8755,1
8756,0
8757,0
8758,1
8759,0
8760,1
8761,1
8762,0
8763,0
8764,0
8765,0
8766,0
8767,1
8768,1
8769,0
8770,0
8771,1
8772,1
8773,1
8774,0
8775,0
8776,1
8777,1
8778,1
8779,1
8780,1
8781,1
8782,1
8783,1
8784,0
8785,1
8786,0
8787,0
8788,1
8789,1
8790,1
8791,1
8792,0
8793,0
8794,1
8795,1
8796,1
8797,1
8798,0
8799,0
8800,1
8801,1
8802,1
8803,0
8804,1
8805,0
8806,0
8807,1
8808,0
8809,0
8810,0
8811,1
8812,0
8813,1
8814,0
8815,1
8816,0
8817,1
8818,0
8819,0
8820,1
8821,1
8822,1
8823,0
8824,0
8825,0
8826,0
8827,1
8828,0
8829,1
8830,1
8831,1
8832,0
8833,0
8834,0
8835,0
8836,0
8837,0
8838,1
8839,1
8840,1
8841,1
8842,0
8843,0
8844,0
8845,1
8846,1
8847,0
8848,1
8849,1
8850,1
8851,1
8852,0
8853,1
8854,1
8855,0
8856,0
8857,1
8858,0
8859,0
8860,0
8861,0
8862,1
8863,1
8864,0
8865,1
8866,1
8867,1
8868,0
8869,0
8870,0
8871,0
8872,1
8873,1
8874,1
8875,0
8876,1
8877,0
8878,0
8879,1
8880,0
8881,0
8882,0
8883,0
8884,1
8885,1
8886,0
8887,0
8888,1
8889,1
8890,0
8891,1
8892,0
8893,1
8894,0
8895,0
8896,1
8897,0
8898,0
8899,1
8900,1
8901,1
8902,0
8903,0
8904,1
8905,0
8906,0
8907,0
8908,1
8909,1
8910,1
8911,1
8912,0
8913,0
8914,0
8915,0
8916,1
8917,0
8918,0
8919,0
8920,0
8921,0
8922,0
8923,1
8924,0
8925,0
8926,1
8927,0
8928,0
8929,1
8930,1
8931,1
8932,1
8933,0
8934,0
8935,0
8936,0
8937,1
8938,0
8939,0
8940,1
8941,0
8942,0
8943,0
8944,1
8945,0
8946,0
8947,1
8948,0
8949,0
8950,0
8951,0
8952,0
8953,0
8954,0
8955,0
8956,0
8957,0
8958,0
8959,0
8960,0
8961,0
8962,1
8963,0
8964,0
8965,0
8966,0
8967,1
8968,0
8969,0
8970,1
8971,1
8972,0
8973,0
8974,1
8975,0
8976,1
8977,0
8978,1
8979,1
8980,0
8981,0
8982,0
8983,0
8984,0
8985,0
8986,0
8987,1
8988,0
8989,1
8990,1
8991,0
8992,0
8993,1
8994,0
8995,0
8996,0
8997,0
8998,1
8999,1
9000,1
9001,0
9002,0
9003,0
9004,0
9005,1
9006,1
9007,1
9008,1
9009,1
9010,0
9011,0
9012,1
9013,1
9014,1
9015,1
9016,1
9017,0
9018,1
9019,0
9020,0
9021,1
9022,0
9023,1
9024,0
9025,0
9026,1
9027,0
9028,0
9029,0
9030,0
9031,0
9032,1
9033,1
9034,1
9035,1
9036,0
9037,1
9038,1
9039,1
9040,1
9041,1
9042,0
9043,1
9044,0
9045,0
9046,0
9047,1
9048,1
9049,1
9050,1
9051,1
9052,0
9053,1
9054,0
9055,1
9056,1
9057,1
9058,1
9059,0
9060,1
9061,0
9062,1
9063,0
9064,1
9065,1
9066,0
9067,0
9068,0
9069,0
9070,1
9071,0
9072,1
9073,0
9074,0
9075,0
9076,1
9077,0
9078,0
9079,1
9080,1
9081,0
9082,1
9083,0
9084,0
9085,1
9086,1
9087,1
9088,1
9089,1
9090,0
9091,0
9092,0
9093,1
9094,1
9095,1
9096,0
9097,0
9098,1
9099,0
9100,1
9101,0
9102,1
9103,1
9104,1
9105,0
9106,1
9107,0
9108,0
9109,1
9110,0
9111,0
9112,0
9113,1
9114,1
9115,1
9116,0
9117,0
9118,1
9119,1
9120,0
9121,1
9122,0
9123,0
9124,1
9125,0
9126,1
9127,1
9128,0
9129,0
9130,0
9131,1
9132,1
9133,1
9134,0
9135,0
9136,1
9137,1
9138,0
9139,1
9140,1
9141,1
9142,1
9143,0
9144,0
9145,0
9146,0
9147,0
9148,1
9149,0
9150,1
9151,1
9152,0
9153,0
9154,0
9155,1
9156,1
9157,0
9158,0
9159,0
9160,0
9161,0
9162,0
9163,1
9164,1
9165,1
9166,0
9167,0
9168,1
9169,1
9170,1
9171,1
9172,1
9173,1
9174,0
9175,0
9176,1
9177,0
9178,1
9179,0
9180,1
9181,0
9182,0
9183,0
9184,0
9185,0
9186,0
9187,1
9188,1
9189,0
9190,0
9191,1
9192,1
9193,1
9194,0
9195,0
9196,1
9197,0
9198,0
9199,0
9200,0
9201,0
9202,0
9203,1
9204,1
9205,0
9206,1
9207,1
9208,0
9209,1
9210,1
9211,1
9212,0
9213,1
9214,1
9215,0
9216,1
9217,0
9218,1
9219,0
9220,0
9221,1
9222,0
9223,1
9224,0
9225,0
9226,1
9227,0
9228,1
9229,1
9230,1
9231,0
9232,1
9233,0
9234,1
9235,0
9236,0
9237,0
9238,1
9239,1
9240,0
9241,1
9242,0
9243,1
9244,1
9245,0
9246,0
9247,1
9248,0
9249,0
9250,1
9251,0
9252,0
9253,0
9254,0
9255,1
9256,1
9257,0
9258,1
9259,0
9260,1
9261,0
9262,1
9263,1
9264,1
9265,0
9266,0
9267,1
9268,0
9269,1
9270,0
9271,0
9272,0
9273,0
9274,1
9275,0
9276,1
9277,0
9278,0
9279,1
9280,1
9281,1
9282,1
9283,1
9284,1
9285,0
9286,0
9287,1
9288,0
9289,1
9290,0
9291,0
9292,0
9293,0
9294,0
9295,1
9296,0
9297,0
9298,1
9299,1
9300,0
9301,1
9302,1
9303,0
9304,0
9305,0
9306,0
9307,0
9308,1
9309,1
9310,0
9311,0
9312,0
9313,1
9314,1
9315,0
9316,1
9317,1
9318,0
9319,1
9320,0
9321,1
9322,0
9323,1
9324,0
9325,0
9326,0
9327,0
9328,1
9329,1
9330,0
9331,0
9332,1
9333,1
9334,1
9335,0
9336,0
9337,1
9338,0
9339,0
9340,1
9341,1
9342,0
9343,0
9344,1
9345,1
9346,1
9347,1
9348,0
9349,0
9350,0
9351,1
9352,1
9353,1
9354,1
9355,1
9356,0
9357,1
9358,1
9359,1
9360,0
9361,0
9362,1
9363,0
9364,1
9365,1
9366,0
9367,0
9368,1
9369,1
9370,0
9371,1
9372,0
9373,0
9374,1
9375,0
9376,1
9377,0
9378,1
9379,0
9380,1
9381,1
9382,0
9383,1
9384,1
9385,1
9386,1
9387,0
9388,1
9389,0
9390,0
9391,1
9392,1
9393,1
9394,0
9395,1
9396,0
9397,1
9398,0
9399,1
9400,0
9401,0
9402,0
9403,1
9404,1
9405,1
9406,0
9407,0
9408,1
9409,1
9410,0
9411,0
9412,1
9413,1
9414,0
9415,0
9416,1
9417,0
9418,1
9419,1
9420,1
9421,1
9422,1
9423,0
9424,1
9425,1
9426,1
9427,0
9428,0
9429,0
9430,1
9431,1
9432,1
9433,1
9434,0
9435,0
9436,0
9437,1
9438,1
9439,0
9440,0
9441,0
9442,1
9443,1
9444,1
9445,1
9446,0
9447,0
9448,0
9449,1
9450,0
9451,1
9452,1
9453,0
9454,1
9455,1
9456,0
9457,1
9458,1
9459,1
9460,1
9461,0
9462,1
9463,0
9464,1
9465,1
9466,0
9467,0
9468,0
9469,1
9470,0
9471,1
9472,1
9473,0
9474,0
9475,0
9476,0
9477,1
9478,0
9479,1
9480,1
9481,1
9482,1
9483,0
9484,0
9485,0
9486,0
9487,0
9488,0
9489,0
9490,1
9491,0
9492,0
9493,0
9494,1
9495,1
9496,1
9497,1
9498,0
9499,1
9500,0
9501,0
9502,1
9503,0
9504,0
9505,0
9506,0
9507,1
9508,1
9509,0
9510,1
9511,0
9512,0
9513,0
9514,0
9515,1
9516,1
9517,0
9518,1
9519,0
9520,0
9521,1
9522,0
9523,1
9524,0
9525,0
9526,0
9527,1
9528,0
9529,1
9530,0
9531,0
9532,1
9533,1
9534,0
9535,0
9536,0
9537,0
9538,0
9539,0
9540,0
9541,1
9542,1
9543,0
9544,1
9545,0
9546,0
9547,0
9548,1
9549,1
9550,0
9551,0
9552,1
9553,1
9554,0
9555,0
9556,0
9557,1
9558,1
9559,0
9560,1
9561,1
9562,1
9563,1
9564,1
9565,0
9566,0
9567,1
9568,1
9569,0
9570,1
9571,1
9572,0
9573,1
9574,1
9575,0
9576,1
9577,0
9578,0
9579,1
9580,0
9581,0
9582,0
9583,1
9584,1
9585,0
9586,0
9587,0
9588,0
9589,0
9590,0
9591,1
9592,1
9593,0
9594,0
9595,0
9596,0
9597,0
9598,0
9599,0
9600,0
9601,0
9602,0
9603,0
9604,0
9605,0
9606,1
9607,1
9608,0
9609,1
9610,0
9611,0
9612,0
9613,0
9614,0
9615,1
9616,0
9617,1
9618,0
9619,1
9620,1
9621,0
9622,0
9623,0
9624,0
9625,1
9626,1
9627,1
9628,1
9629,1
9630,0
9631,1
9632,1
9633,1
9634,0
9635,1
9636,0
9637,0
9638,1
9639,0
9640,1
9641,0
9642,1
9643,0
9644,1
9645,1
9646,0
9647,0
9648,1
9649,0
9650,0
9651,0
9652,0
9653,0
9654,1
9655,0
9656,0
9657,0
9658,1
9659,1
9660,0
9661,0
9662,1
9663,0
9664,0
9665,0
9666,1
9667,0
9668,0
9669,0
9670,1
9671,0
9672,0
9673,0
9674,0
9675,0
9676,1
9677,0
9678,1
9679,1
9680,0
9681,1
9682,1
9683,1
9684,1
9685,1
9686,1
9687,1
9688,0
9689,0
9690,1
9691,0
9692,0
9693,0
9694,0
9695,1
9696,1
9697,0
9698,0
9699,1
9700,0
9701,0
9702,1
9703,1
9704,1
9705,1
9706,1
9707,0
9708,0
9709,0
9710,0
9711,0
9712,1
9713,1
9714,0
9715,1
9716,1
9717,0
9718,0
9719,1
9720,1
9721,1
9722,1
9723,0
9724,1
9725,0
9726,0
9727,0
9728,1
9729,1
9730,1
9731,0
9732,0
9733,0
9734,1
9735,1
9736,0
9737,0
9738,1
9739,1
9740,0
9741,0
9742,0
9743,0
9744,1
9745,1
9746,0
9747,1
9748,0
9749,0
9750,1
9751,0
9752,0
9753,0
9754,1
9755,0
9756,0
9757,0
9758,0
9759,0
9760,0
9761,0
9762,0
9763,1
9764,1
9765,0
9766,0
9767,1
9768,0
9769,1
9770,1
9771,0
9772,0
9773,0
9774,0
9775,1
9776,1
9777,0
9778,0
9779,1
9780,0
9781,0
9782,0
9783,0
9784,1
9785,1
9786,1
9787,1
9788,1
9789,0
9790,1
9791,0
9792,0
9793,0
9794,1
9795,1
9796,0
9797,1
9798,1
9799,0
9800,1
9801,0
9802,0
9803,1
9804,0
9805,0
9806,0
9807,1
9808,0
9809,0
9810,1
9811,0
9812,1
9813,0
9814,1
9815,1
9816,0
9817,0
9818,0
9819,1
9820,0
9821,1
9822,1
9823,1
9824,1
9825,0
9826,0
9827,1
9828,1
9829,0
9830,1
9831,1
9832,0
9833,1
9834,0
9835,1
9836,0
9837,0
9838,0
9839,1
9840,0
9841,0
9842,1
9843,1
9844,1
9845,1
9846,1
9847,0
9848,1
9849,1
9850,0
9851,0
9852,0
9853,1
9854,1
9855,1
9856,0
9857,0
9858,0
9859,1
9860,0
9861,1
9862,1
9863,0
9864,1
9865,0
9866,1
9867,1
9868,0
9869,1
9870,0
9871,0
9872,1
9873,0
9874,0
9875,1
9876,0
9877,0
9878,1
9879,0
9880,1
9881,0
9882,0
9883,1
9884,0
9885,0
9886,1
9887,1
9888,0
9889,0
9890,0
9891,0
9892,0
9893,0
9894,0
9895,1
9896,1
9897,0
9898,1
9899,0
9900,1
9901,0
9902,0
9903,1
9904,1
9905,1
9906,1
9907,0
9908,0
9909,1
9910,1
9911,1
9912,0
9913,1
9914,0
9915,0
9916,1
9917,1
9918,0
9919,1
9920,1
9921,0
9922,1
9923,0
9924,1
9925,1
9926,1
9927,1
9928,1
9929,0
9930,0
9931,0
9932,1
9933,1
9934,1
9935,0
9936,0
9937,0
9938,0
9939,0
9940,0
9941,0
9942,1
9943,1
9944,0
9945,0
9946,0
9947,1
9948,0
9949,1
9950,1
9951,1
9952,1
9953,0
9954,0
9955,0
9956,1
9957,0
9958,1
9959,1
9960,1
9961,0
9962,0
9963,0
9964,1
9965,1
9966,0
9967,0
9968,0
9969,1
9970,1
9971,1
9972,0
9973,0
9974,0
9975,1
9976,0
9977,0
9978,0
9979,0
9980,1
9981,1
9982,1
9983,0
9984,0
9985,1
9986,0
9987,0
9988,1
9989,0
9990,0
9991,1
9992,0
9993,1
9994,1
9995,0
9996,0
9997,0
9998,0
9999,1
